0.75597,0,0,0-0.070957j,-0.10419+0.10419j,0,0,0,-0.10419+0.10419j,0,0,0,0-0.032337j,0,0,0,0,-2.0817e-17,0+0.060739j,0,0,2.6021e-18+3.4694e-18j,0,0,0,0,0,0,0,0,0,0,0,0-0.060739j,-1.9082e-17,0,0,0,0,0,0,0,2.6021e-18+3.4694e-18j,0,0,0,0,0,0-0.060008j,0,0,0,0,0,0,0,0,0,0,0,0,0,0,0
0,-0.51786,-0.070957,0,0,-0.071685+0.071685j,-0.039183+0.039183j,0,0,-0.032502+0.032502j,0,0,0,0-0.032337j,0,0,-0.17248,0,0,0+0.060739j,0.0030672-0.0030672j,0,0,0,-0.035608+0.035608j,0,0,0,0,0,0,0,-0.060739,0,0,-1.9082e-17,0.038675-0.038675j,0,0,0,0,0,0,2.6021e-18+3.4694e-18j,0,0,0,0,0,0-0.060008j,0,0,0,0,0,0,0,0,0,0,0,0,0,0
0,-0.070957,-0.51786,0,0,0,-0.032502+0.032502j,0,0,-0.039183+0.039183j,-0.071685+0.071685j,0,0,0,0-0.032337j,0,-0.060739,0,0,0,0,0,0,-2.6021e-18-3.4694e-18j,0.038675-0.038675j,0,0,0,0,0,0,0,-0.17248,0,0,0+0.060739j,-0.035608+0.035608j,0,0,0,0.0030672-0.0030672j,0,0,0,0,0,0,0,0,0,0-0.060008j,0,0,0,0,0,0,0,0,0,0,0,0,0
0+0.070957j,0,0,-1.1261,0.039183+0.039183j,0,0,6.3208e-06-6.3208e-06j,-0.039183-0.039183j,0,0,6.3208e-06-6.3208e-06j,0.075631,0,0,0-0.032337j,0,-0.060739,-7.4384e-07,0,0,0,-0.0030672+0.0030672j,0,0,0.038675-0.038675j,0.035608-0.035608j,0,0,0,0,0,0,7.4384e-07,0.060739,0,0,-0.035608+0.035608j,-0.038675+0.038675j,0,0,0.0030672-0.0030672j,0,0,0,0,0,0,0.11135,0,0,0-0.060008j,0,0,0,0,0,0,0,0,0,0,0,0
-0.10419-0.10419j,0,0,0.039183-0.039183j,0.21615,0,0,0-0.070957j,-0.032337,0,0,0,-0.078136+0.078136j,0,0,0,0,0.03006-0.03006j,-0.0086151+0.0086151j,0,0,1.3878e-17,0-0.060739j,0,0,0,0,0,0,0,0,0,0,0.038675-0.038675j,0,0,0,0+0.060739j,-1.2143e-17,0,0,0,0,0,0,0,-2.6021e-18-3.4694e-18j,0,-0.0006161+0.0006161j,0,0,0,0-0.060008j,0,0,0,0,0,0,0,0,0,0,0
0,-0.071685-0.071685j,0,0,0,-0.70105,-0.070957,0,0,-0.032337,0,0,0,-0.0064444+0.0064444j,0,0,0.026993+0.026993j,0,0,-0.0086151+0.0086151j,0.10277,0,0,0-0.060739j,0,0,0,0,0.035608-0.035608j,0,0,0,0,0,0,0,0.060739,0,0,-1.2143e-17,0,0,0,0,0,0,0,-2.6021e-18-3.4694e-18j,0,-0.0006161+0.0006161j,0,0,0,0-0.060008j,0,0,0,0,0,0,0,0,0,0
0,-0.039183-0.039183j,-0.032502-0.032502j,0,0,-0.070957,-0.62542,0,0,-0.075631,-0.032337,0,0,-0.039183+0.039183j,-0.045627+0.045627j,0,-0.0086151-0.0086151j,0,0,-0.03006+0.03006j,0.060739,0,0,0,-0.022616,0,0,0,-0.038675+0.038675j,0,0,0,0.035608+0.035608j,0,0,-0.038675+0.038675j,0.12538,0,0,0-0.060739j,0,0,0,0,-0.0030672+0.0030672j,0,0,0,0,0,-0.0006161+0.0006161j,0,0,0,0-0.060008j,0,0,0,0,0,0,0,0,0
0,0,0,6.3208e-06+6.3208e-06j,0+0.070957j,0,0,-0.87705,0,0,0,-0.032337,-0.039183-0.039183j,0,0,0.026064-0.026064j,0,-0.0086151-0.0086151j,-0.026993-0.026993j,0,0,0.060739,0.069716,0,0,-0.022616,0,0,0,-0.038675+0.038675j,-0.035608+0.035608j,0,0,0.035608+0.035608j,0,0,0,-0.0471,-0.060739,0,0,0,0,0,0,-0.0030672+0.0030672j,0,0,0,0,0,-0.0006161+0.0006161j,0.11135,0,0,0-0.060008j,0,0,0,0,0,0,0,0
-0.10419-0.10419j,0,0,-0.039183+0.039183j,-0.032337,0,0,0,0.21615,0,0,0-0.070957j,0.078136-0.078136j,0,0,0,0,0,0.038675-0.038675j,0,0,0,0,0,0,-1.3878e-17,0-0.060739j,0,0,2.6021e-18+3.4694e-18j,0,0,0,-0.0086151+0.0086151j,0.03006-0.03006j,0,0,0,0,0,0,0+0.060739j,-5.2042e-18,0,0,0,0,0,0.0006161-0.0006161j,0,0,0,0,0,0,0,0-0.060008j,0,0,0,0,0,0,0
0,-0.032502-0.032502j,-0.039183-0.039183j,0,0,-0.032337,-0.075631,0,0,-0.62542,-0.070957,0,0,0.045627-0.045627j,0.039183-0.039183j,0,0.035608+0.035608j,0,0,0.038675-0.038675j,0,0,0,0,0.12538,0,0,0-0.060739j,0.0030672-0.0030672j,0,0,0,-0.0086151-0.0086151j,0,0,0.03006-0.03006j,-0.022616,0,0,0,0.060739,0,0,-5.2042e-18,0.038675-0.038675j,0,0,0,0,0.0006161-0.0006161j,0,0,0,0,0,0,0,0-0.060008j,0,0,0,0,0,0
0,0,-0.071685-0.071685j,0,0,0,-0.032337,0,0,-0.070957,-0.70105,0,0,0,0.0064444-0.0064444j,0,0,0,0,0,0,0,0,0,0.060739,0,0,6.9389e-18,0,0,0,-2.6021e-18-3.4694e-18j,0.026993+0.026993j,0,0,0.0086151-0.0086151j,0,0,0,0,0.10277,0,0,0-0.060739j,-0.035608+0.035608j,0,0,0,0,0,0.0006161-0.0006161j,0,0,0,0,0,0,0,0-0.060008j,0,0,0,0,0
0,0,0,6.3208e-06+6.3208e-06j,0,0,0,-0.032337,0+0.070957j,0,0,-0.87705,-0.039183-0.039183j,0,0,-0.026064+0.026064j,0,0,-0.035608-0.035608j,0,0,0,0,0,0,0.060739,0.0471,0,0,0,-0.0030672+0.0030672j,0,0,0.026993+0.026993j,0.0086151+0.0086151j,0,0,0,0.022616,0,0,-0.069716,-0.060739,0,0,-0.035608+0.035608j,-0.038675+0.038675j,0,0,0,0,0.0006161-0.0006161j,0,0,0,0,0.11135,0,0,0-0.060008j,0,0,0,0
0+0.032337j,0,0,0.075631,-0.078136-0.078136j,0,0,-0.039183+0.039183j,0.078136+0.078136j,0,0,-0.039183+0.039183j,0.060093,0,0,0-0.070957j,0,0,0.022616,0,0,0,-0.038675+0.038675j,0,0,0.03006-0.03006j,-0.0086151+0.0086151j,0,0,0,0+0.060739j,0,0,-0.022616,0,0,0,0.0086151-0.0086151j,-0.03006+0.03006j,0,0,0.038675-0.038675j,0,0,0,0-0.060739j,-5.2042e-18,0,0.037139,0,0,0,0.0006161-0.0006161j,0,0,0,0.0006161-0.0006161j,0,0,0,0-0.060008j,0,0,0
0,0+0.032337j,0,0,0,-0.0064444-0.0064444j,-0.039183-0.039183j,0,0,0.045627+0.045627j,0,0,0,-0.42484,-0.070957,0,0,0,0,0.022616,-0.035608-0.035608j,0,0,-0.038675+0.038675j,0.026993+0.026993j,0,0,-0.0086151+0.0086151j,-0.055666,0,0,0+0.060739j,0,0,0,0,0.0086151+0.0086151j,0,0,-0.03006+0.03006j,0,0,0,0,-0.060739,0,0,-5.2042e-18,0,0.037139,0,0,0,0.0006161-0.0006161j,0,0,0,0.0006161-0.0006161j,0,0,0,0-0.060008j,0,0
0,0,0+0.032337j,0,0,0,-0.045627-0.045627j,0,0,0.039183+0.039183j,0.0064444+0.0064444j,0,0,-0.070957,-0.42484,0,0,0,0,0,0,0,0,0,-0.0086151-0.0086151j,0,0,-0.03006+0.03006j,-0.060739,0,0,6.9389e-18,0,0,0,0.022616,-0.026993-0.026993j,0,0,-0.0086151+0.0086151j,0.035608+0.035608j,0,0,-0.038675+0.038675j,-0.055666,0,0,0+0.060739j,0,0,0.037139,0,0,0,0.0006161-0.0006161j,0,0,0,0.0006161-0.0006161j,0,0,0,0-0.060008j,0
0,0,0,0+0.032337j,0,0,0,0.026064+0.026064j,0,0,0,-0.026064-0.026064j,0+0.070957j,0,0,-0.24421,0,0,0,0,0,0,0.035608+0.035608j,0,0,-0.0086151-0.0086151j,-0.026993-0.026993j,0,0,-0.060739,-0.11681,0,0,0,0,0,0,-0.026993-0.026993j,-0.0086151-0.0086151j,0,0,0.035608+0.035608j,0,0,0,0.11681,0.060739,0,0,0,0,0.037139,0,0,0,0.0006161-0.0006161j,0,0,0,0.0006161-0.0006161j,0.11135,0,0,0-0.060008j
0,-0.17248,-0.060739,0,0,0.026993-0.026993j,-0.0086151+0.0086151j,0,0,0.035608-0.035608j,0,0,0,0,0,0,0.55061,0,0,0-0.070957j,0.05616-0.05616j,0,0,0,0.056776-0.056776j,0,0,0,0-0.032337j,0,0,0,-0.060008,0,0,0,-0.0006161+0.0006161j,0,0,0,0,0,0,0,0,0,0,0,0,0+0.060739j,1.7347e-18,0,0,0,0,0,0,0,2.6021e-18+3.4694e-18j,0,0,0,0,0
-2.0817e-17,0,0,-0.060739,0.03006+0.03006j,0,0,-0.0086151+0.0086151j,0,0,0,0,0,0,0,0,0,-0.29837,-0.070957,0,0,0.023652-0.023652j,0.039183-0.039183j,0,0,-0.014915+0.014915j,0,0,0,0-0.032337j,0,0,0,-0.060008,0,0,0,-0.0006161+0.0006161j,0,0,0,0,0,0,0,0,0,0,0.060739,0,0,1.7347e-18,0.038675-0.038675j,0,0,0,0,0,0,2.6021e-18+3.4694e-18j,0,0,0,0
0-0.060739j,0,0,-7.4384e-07,-0.0086151-0.0086151j,0,0,-0.026993+0.026993j,0.038675+0.038675j,0,0,-0.035608+0.035608j,0.022616,0,0,0,0,-0.070957,-0.18702,0,0,0,-0.015531+0.015531j,0,0,0.039183-0.039183j,0.024268-0.024268j,0,0,0,0-0.032337j,0,0,-0.11135,-0.060008,0,0,0,-0.0006161+0.0006161j,0,0,0,0,0,0,0,0,0,0.05298,0,0,0-0.060739j,-0.035608+0.035608j,0,0,0,0.0030672-0.0030672j,0,0,0,0,0,0,0
0,0-0.060739j,0,0,0,-0.0086151-0.0086151j,-0.03006-0.03006j,0,0,0.038675+0.038675j,0,0,0,0.022616,0,0,0+0.070957j,0,0,-0.37044,-0.039183-0.039183j,0,0,-0.048039+0.048039j,0.039183+0.039183j,0,0,-0.047423+0.047423j,0.075631,0,0,0-0.032337j,0,0,0,-0.060008,0,0,0,-0.0006161+0.0006161j,0,0,0,0,0,0,0,0,0,-0.1195,-0.060739,0,0,-0.035608+0.035608j,-0.038675+0.038675j,0,0,0.0030672-0.0030672j,0,0,0,0,0,0
0,0.0030672+0.0030672j,0,0,0,0.10277,0.060739,0,0,0,0,0,0,-0.035608+0.035608j,0,0,0.05616+0.05616j,0,0,-0.039183+0.039183j,0.3523,0,0,0-0.070957j,-0.032337,0,0,0,0.030719-0.030719j,0,0,0,0,0,0,0,-0.060008,0,0,0,0,0,0,0,0,0,0,0,0,0.038675-0.038675j,0,0,0,0-0.060739j,1.7347e-18,0,0,0,0,0,0,0,-2.6021e-18-3.4694e-18j,0
2.6021e-18-3.4694e-18j,0,0,0,1.3878e-17,0,0,0.060739,0,0,0,0,0,0,0,0,0,0.023652+0.023652j,0,0,0,-0.14005,-0.070957,0,0,-0.032337,0,0,0,-0.040973+0.040973j,0,0,0,0,0,0,0,-0.060008,0,0,0,0,0,0,0,0,0,0,0,0,0,0,-0.060739,0,0,1.7347e-18,0,0,0,0,0,0,0,-2.6021e-18-3.4694e-18j
0,0,0,-0.0030672-0.0030672j,0+0.060739j,0,0,0.069716,0,0,0,0,-0.038675-0.038675j,0,0,0.035608-0.035608j,0,0.039183+0.039183j,-0.015531-0.015531j,0,0,-0.070957,0.046928,0,0,-0.075631,-0.032337,0,0,0.039183-0.039183j,-0.0017896+0.0017896j,0,0,0,0,0,0,-0.11135,-0.060008,0,0,0,0,0,0,0,0,0,0.035608+0.035608j,0,0,-0.038675+0.038675j,-0.0058813,0,0,0+0.060739j,0,0,0,0,-0.0030672+0.0030672j,0,0,0
0,0,-2.6021e-18+3.4694e-18j,0,0,0+0.060739j,0,0,0,0,0,0,0,-0.038675-0.038675j,0,0,0,0,0,-0.048039-0.048039j,0+0.070957j,0,0,0.22015,0,0,0,-0.032337,0.039183+0.039183j,0,0,-0.073481+0.073481j,0,0,0,0,0,0,0,-0.060008,0,0,0,0,0,0,0,0,0,0.035608+0.035608j,0,0,0,0.1666,0.060739,0,0,0,0,0,0,-0.0030672+0.0030672j,0,0
0,-0.035608-0.035608j,0.038675+0.038675j,0,0,0,-0.022616,0,0,0.12538,0.060739,0,0,0.026993-0.026993j,-0.0086151+0.0086151j,0,0.056776+0.056776j,0,0,0.039183-0.039183j,-0.032337,0,0,0,0.38944,0,0,0-0.070957j,-0.030102+0.030102j,0,0,0,-0.0006161-0.0006161j,0,0,0,-0.037139,0,0,0,-0.060008,0,0,0,0.0006161-0.0006161j,0,0,0,0,-0.0086151+0.0086151j,0.03006-0.03006j,0,0,0,0,0,0,0-0.060739j,-1.2143e-17,0,0,0,0,0
0,0,0,0.038675+0.038675j,0,0,0,-0.022616,-1.3878e-17,0,0,0.060739,0.03006+0.03006j,0,0,-0.0086151+0.0086151j,0,-0.014915-0.014915j,0.039183+0.039183j,0,0,-0.032337,-0.075631,0,0,-0.027283,-0.070957,0,0,0.0024057-0.0024057j,-0.039183+0.039183j,0,0,-0.0006161-0.0006161j,0,0,0,-0.037139,0,0,0,-0.060008,0,0,0,0.0006161-0.0006161j,0,0,-0.0086151-0.0086151j,0,0,0.03006-0.03006j,0.022616,0,0,0,-0.060739,0,0,-1.2143e-17,0.038675-0.038675j,0,0,0
0,0,0,0.035608+0.035608j,0,0,0,0,0+0.060739j,0,0,0.0471,-0.0086151-0.0086151j,0,0,-0.026993+0.026993j,0,0,0.024268+0.024268j,0,0,0,-0.032337,0,0,-0.070957,0.0084366,0,0,0,0.041589-0.041589j,0,0,0,-0.0006161-0.0006161j,0,0,0,-0.037139,0,0,-0.11135,-0.060008,0,0,0,0.0006161-0.0006161j,0,0.026993+0.026993j,0,0,0.0086151-0.0086151j,0,0,0,0,0.016735,0,0,0+0.060739j,-0.035608+0.035608j,0,0,0
0,0,0,0,0,0,0,0,0,0+0.060739j,6.9389e-18,0,0,-0.0086151-0.0086151j,-0.03006-0.03006j,0,0,0,0,-0.047423-0.047423j,0,0,0,-0.032337,0+0.070957j,0,0,0.25728,0.039183+0.039183j,0,0,0.074097-0.074097j,0,0,0,-0.0006161-0.0006161j,0,0,0,-0.037139,0,0,0,-0.060008,0,0,0,0.0006161-0.0006161j,0,0.026993+0.026993j,0.0086151+0.0086151j,0,0,0,-0.022616,0,0,0.18922,0.060739,0,0,-0.035608+0.035608j,-0.038675+0.038675j,0
0,0,0,0,0,0.035608+0.035608j,-0.038675-0.038675j,0,0,0.0030672+0.0030672j,0,0,0,-0.055666,-0.060739,0,0+0.032337j,0,0,0.075631,0.030719+0.030719j,0,0,0.039183-0.039183j,-0.030102-0.030102j,0,0,0.039183-0.039183j,0.57489,0,0,0-0.070957j,0,0,0,0,-0.0006161-0.0006161j,0,0,0,0,0,0,0,-0.060008,0,0,0,0,0.022616,0,0,0,0.0086151-0.0086151j,-0.03006+0.03006j,0,0,0.038675-0.038675j,0,0,0,0+0.060739j,8.6736e-18,0
0,0,0,0,0,0,0,-0.038675-0.038675j,2.6021e-18-3.4694e-18j,0,0,0,0,0,0,-0.060739,0,0+0.032337j,0,0,0,-0.040973-0.040973j,0.039183+0.039183j,0,0,0.0024057+0.0024057j,0,0,0,0.51481,-0.070957,0,0,0,0,0,0,-0.0006161-0.0006161j,0,0,0,0,0,0,0,-0.060008,0,0,0,0,0,0,0.0086151+0.0086151j,0,0,-0.03006+0.03006j,0,0,0,0,0.060739,0,0,8.6736e-18
0,0,0,0,0,0,0,-0.035608-0.035608j,0,0,0,-0.0030672-0.0030672j,0-0.060739j,0,0,-0.11681,0,0,0+0.032337j,0,0,0,-0.0017896-0.0017896j,0,0,-0.039183-0.039183j,0.041589+0.041589j,0,0,-0.070957,0.62616,0,0,0,0,0,0,0,-0.0006161-0.0006161j,0,0,0,0,0,0,-0.11135,-0.060008,0,0,0,0,-0.022616,-0.026993-0.026993j,0,0,-0.0086151+0.0086151j,0.035608+0.035608j,0,0,-0.038675+0.038675j,-0.063834,0,0,0-0.060739j
0,0,0,0,0,0,0,0,0,0,-2.6021e-18+3.4694e-18j,0,0,0-0.060739j,6.9389e-18,0,0,0,0,0+0.032337j,0,0,0,-0.073481-0.073481j,0,0,0,0.074097+0.074097j,0+0.070957j,0,0,1.2316,0,0,0,0,0,0,0,-0.0006161-0.0006161j,0,0,0,0,0,0,0,-0.060008,0,0,0,0,0,-0.026993-0.026993j,-0.0086151-0.0086151j,0,0,0.035608+0.035608j,0,0,0,-0.23631,-0.060739,0
0,-0.060739,-0.17248,0,0,0,0.035608-0.035608j,0,0,-0.0086151+0.0086151j,0.026993-0.026993j,0,0,0,0,0,-0.060008,0,0,0,0,0,0,0,-0.0006161+0.0006161j,0,0,0,0,0,0,0,0.55061,0,0,0-0.070957j,0.056776-0.056776j,0,0,0,0.05616-0.05616j,0,0,0,0-0.032337j,0,0,0,0,6.9389e-18,0+0.060739j,0,0,-2.6021e-18-3.4694e-18j,0,0,0,0,0,0,0,0,0,0
0+0.060739j,0,0,7.4384e-07,0.038675+0.038675j,0,0,0.035608-0.035608j,-0.0086151-0.0086151j,0,0,0.026993-0.026993j,-0.022616,0,0,0,0,-0.060008,-0.11135,0,0,0,0,0,0,-0.0006161+0.0006161j,0,0,0,0,0,0,0,-0.18702,-0.070957,0,0,0.024268-0.024268j,0.039183-0.039183j,0,0,-0.015531+0.015531j,0,0,0,0-0.032337j,0,0,-0.05298,0,0,0+0.060739j,-0.0030672+0.0030672j,0,0,0,0.035608-0.035608j,0,0,0,0,0,0,0
-1.9082e-17,0,0,0.060739,0,0,0,0,0.03006+0.03006j,0,0,0.0086151-0.0086151j,0,0,0,0,0,0,-0.060008,0,0,0,0,0,0,0,-0.0006161+0.0006161j,0,0,0,0,0,0,-0.070957,-0.29837,0,0,0,-0.014915+0.014915j,0,0,0.039183-0.039183j,0.023652-0.023652j,0,0,0,0-0.032337j,0,-0.060739,0,0,0,0,0,0,2.6021e-18+3.4694e-18j,-0.038675+0.038675j,0,0,0,0,0,0,0
0,-1.9082e-17,0-0.060739j,0,0,0,-0.038675-0.038675j,0,0,0.03006+0.03006j,0.0086151+0.0086151j,0,0,0,0.022616,0,0,0,0,-0.060008,0,0,0,0,0,0,0,-0.0006161+0.0006161j,0,0,0,0,0+0.070957j,0,0,-0.37044,-0.039183-0.039183j,0,0,-0.047423+0.047423j,0.039183+0.039183j,0,0,-0.048039+0.048039j,0.075631,0,0,0-0.032337j,0,-0.060739,-0.1195,0,0,0,0.0030672-0.0030672j,0,0,-0.038675+0.038675j,-0.035608+0.035608j,0,0,0,0,0
0,0.038675+0.038675j,-0.035608-0.035608j,0,0,0.060739,0.12538,0,0,-0.022616,0,0,0,0.0086151-0.0086151j,-0.026993+0.026993j,0,-0.0006161-0.0006161j,0,0,0,-0.060008,0,0,0,-0.037139,0,0,0,-0.0006161+0.0006161j,0,0,0,0.056776+0.056776j,0,0,-0.039183+0.039183j,0.38944,0,0,0-0.070957j,-0.032337,0,0,0,0.030102-0.030102j,0,0,0,0,-0.03006+0.03006j,0.0086151-0.0086151j,0,0,0,0-0.060739j,0,0,0,0,0,0,0,0,0
0,0,0,-0.035608-0.035608j,0-0.060739j,0,0,-0.0471,0,0,0,0,0.0086151+0.0086151j,0,0,-0.026993+0.026993j,0,-0.0006161-0.0006161j,0,0,0,-0.060008,-0.11135,0,0,-0.037139,0,0,0,-0.0006161+0.0006161j,0,0,0,0.024268+0.024268j,0,0,0,0.0084366,-0.070957,0,0,-0.032337,0,0,0,-0.041589+0.041589j,0,0,-0.026993-0.026993j,0,0,0.0086151-0.0086151j,-0.016735,0,0,0-0.060739j,0,0,0,0,-0.035608+0.035608j,0,0,0
0,0,0,-0.038675-0.038675j,-1.2143e-17,0,0,-0.060739,0,0,0,0.022616,-0.03006-0.03006j,0,0,-0.0086151+0.0086151j,0,0,-0.0006161-0.0006161j,0,0,0,-0.060008,0,0,0,-0.037139,0,0,0,-0.0006161+0.0006161j,0,0,0.039183+0.039183j,-0.014915-0.014915j,0,0,-0.070957,-0.027283,0,0,-0.075631,-0.032337,0,0,0.039183-0.039183j,-0.0024057+0.0024057j,0,0.0086151+0.0086151j,0,0,0.03006-0.03006j,0.060739,0,0,6.9389e-18,-0.022616,0,0,0,0.038675-0.038675j,0,0,0
0,0,0,0,0,-1.2143e-17,0+0.060739j,0,0,0,0,0,0,-0.03006-0.03006j,-0.0086151-0.0086151j,0,0,0,0,-0.0006161-0.0006161j,0,0,0,-0.060008,0,0,0,-0.037139,0,0,0,-0.0006161+0.0006161j,0,0,0,-0.047423-0.047423j,0+0.070957j,0,0,0.25728,0,0,0,-0.032337,0.039183+0.039183j,0,0,-0.074097+0.074097j,0,0.0086151+0.0086151j,0.026993+0.026993j,0,0,0.060739,0.18922,0,0,-0.022616,0,0,0,0.038675-0.038675j,0.035608-0.035608j,0
0,0,0.0030672+0.0030672j,0,0,0,0,0,0,0.060739,0.10277,0,0,0,0.035608-0.035608j,0,0,0,0,0,0,0,0,0,-0.060008,0,0,0,0,0,0,0,0.05616+0.05616j,0,0,0.039183-0.039183j,-0.032337,0,0,0,0.3523,0,0,0-0.070957j,-0.030719+0.030719j,0,0,0,0,0,-0.038675+0.038675j,0,0,0,0,0,0,0,0-0.060739j,0,0,-2.6021e-18-3.4694e-18j,0,0
0,0,0,0.0030672+0.0030672j,0,0,0,0,0-0.060739j,0,0,-0.069716,0.038675+0.038675j,0,0,0.035608-0.035608j,0,0,0,0,0,0,0,0,0,-0.060008,-0.11135,0,0,0,0,0,0,-0.015531-0.015531j,0.039183+0.039183j,0,0,-0.032337,-0.075631,0,0,0.046928,-0.070957,0,0,0.0017896-0.0017896j,-0.039183+0.039183j,0,-0.035608-0.035608j,0,0,-0.038675+0.038675j,0,0,0,0,0.0058813,0,0,0-0.060739j,-0.0030672+0.0030672j,0,0,0
2.6021e-18-3.4694e-18j,0,0,0,0,0,0,0,-5.2042e-18,0,0,-0.060739,0,0,0,0,0,0,0,0,0,0,0,0,0,0,-0.060008,0,0,0,0,0,0,0,0.023652+0.023652j,0,0,0,-0.032337,0,0,-0.070957,-0.14005,0,0,0,0.040973-0.040973j,0,0,0,0,0,0,0,0,0,0.060739,0,0,6.9389e-18,0,0,0,2.6021e-18+3.4694e-18j
0,2.6021e-18-3.4694e-18j,0,0,0,0,0,0,0,-5.2042e-18,0+0.060739j,0,0,0,-0.038675-0.038675j,0,0,0,0,0,0,0,0,0,0,0,0,-0.060008,0,0,0,0,0,0,0,-0.048039-0.048039j,0,0,0,-0.032337,0+0.070957j,0,0,0.22015,0.039183+0.039183j,0,0,0.073481-0.073481j,0,0,0.035608+0.035608j,0,0,0,0,0,0,0.060739,0.1666,0,0,0,0.0030672-0.0030672j,0
0,0,0,0,0,0,-0.0030672-0.0030672j,0,0,0.038675+0.038675j,-0.035608-0.035608j,0,0,-0.060739,-0.055666,0,0,0,0,0,0,0,0,0,0.0006161+0.0006161j,0,0,0,-0.060008,0,0,0,0+0.032337j,0,0,0.075631,0.030102+0.030102j,0,0,0.039183-0.039183j,-0.030719-0.030719j,0,0,0.039183-0.039183j,0.57489,0,0,0-0.070957j,0,0,0.022616,0,0,0,0.038675-0.038675j,0,0,-0.03006+0.03006j,0.0086151-0.0086151j,0,0,1.3878e-17,0+0.060739j,0
0,0,0,0,0,0,0,-0.0030672-0.0030672j,0,0,0,-0.035608-0.035608j,0+0.060739j,0,0,0.11681,0,0,0,0,0,0,0,0,0,0.0006161+0.0006161j,0,0,0,-0.060008,-0.11135,0,0,0+0.032337j,0,0,0,-0.041589-0.041589j,0.039183+0.039183j,0,0,0.0017896+0.0017896j,0,0,0,0.62616,-0.070957,0,0,0,0,0.022616,0.035608+0.035608j,0,0,0.038675-0.038675j,-0.026993-0.026993j,0,0,0.0086151-0.0086151j,0.063834,0,0,0+0.060739j
0,0,0,0,-2.6021e-18+3.4694e-18j,0,0,0,0,0,0,-0.038675-0.038675j,-5.2042e-18,0,0,0.060739,0,0,0,0,0,0,0,0,0,0,0.0006161+0.0006161j,0,0,0,-0.060008,0,0,0,0+0.032337j,0,0,0,-0.0024057-0.0024057j,0,0,-0.039183-0.039183j,0.040973+0.040973j,0,0,-0.070957,0.51481,0,0,0,0,0,0,0,0,0,0.0086151+0.0086151j,0,0,0.03006-0.03006j,-0.060739,0,0,-6.9389e-18
0,0,0,0,0,-2.6021e-18+3.4694e-18j,0,0,0,0,0,0,0,-5.2042e-18,0-0.060739j,0,0,0,0,0,0,0,0,0,0,0,0,0.0006161+0.0006161j,0,0,0,-0.060008,0,0,0,0+0.032337j,0,0,0,-0.074097-0.074097j,0,0,0,0.073481+0.073481j,0+0.070957j,0,0,1.2316,0,0,0,0,0,0,-0.035608-0.035608j,0,0,0.0086151+0.0086151j,0.026993+0.026993j,0,0,-0.060739,-0.23631,0
0+0.060008j,0,0,0.11135,-0.0006161-0.0006161j,0,0,0,0.0006161+0.0006161j,0,0,0,0.037139,0,0,0,0,0.060739,0.05298,0,0,0,0.035608-0.035608j,0,0,-0.0086151+0.0086151j,0.026993-0.026993j,0,0,0,0,0,0,-0.05298,-0.060739,0,0,-0.026993+0.026993j,0.0086151-0.0086151j,0,0,-0.035608+0.035608j,0,0,0,0,0,0,0.80744,0,0,0-0.070957j,-0.0087429+0.0087429j,0,0,0,-0.0087429+0.0087429j,0,0,0,0-0.032337j,0,0,0
0,0+0.060008j,0,0,0,-0.0006161-0.0006161j,0,0,0,0.0006161+0.0006161j,0,0,0,0.037139,0,0,0-0.060739j,0,0,-0.1195,0.038675+0.038675j,0,0,0.035608-0.035608j,-0.0086151-0.0086151j,0,0,0.026993-0.026993j,0.022616,0,0,0,6.9389e-18,0,0,-0.060739,-0.03006-0.03006j,0,0,0.0086151-0.0086151j,0,0,0,0,0,0,0,0,0,0.49466,-0.070957,0,0,0.023765-0.023765j,-0.039183+0.039183j,0,0,0.062948-0.062948j,0,0,0,0-0.032337j,0,0
0,0,0+0.060008j,0,0,0,-0.0006161-0.0006161j,0,0,0,0.0006161+0.0006161j,0,0,0,0.037139,0,1.7347e-18,0,0,-0.060739,0,0,0,0,0.03006+0.03006j,0,0,0.0086151-0.0086151j,0,0,0,0,0-0.060739j,0,0,-0.1195,0.0086151+0.0086151j,0,0,0.026993-0.026993j,-0.038675-0.038675j,0,0,0.035608-0.035608j,0.022616,0,0,0,0,-0.070957,0.49466,0,0,0,0.062948-0.062948j,0,0,-0.039183+0.039183j,0.023765-0.023765j,0,0,0,0-0.032337j,0
0,0,0,0+0.060008j,0,0,0,-0.0006161-0.0006161j,0,0,0,0.0006161+0.0006161j,0,0,0,0.037139,0,1.7347e-18,0+0.060739j,0,0,0,-0.038675-0.038675j,0,0,0.03006+0.03006j,0.0086151+0.0086151j,0,0,0,-0.022616,0,0,0-0.060739j,0,0,0,0.0086151+0.0086151j,0.03006+0.03006j,0,0,-0.038675-0.038675j,0,0,0,0.022616,0,0,0+0.070957j,0,0,0.84744,0.039183+0.039183j,0,0,0.095456-0.095456j,-0.039183-0.039183j,0,0,0.095456-0.095456j,0.075631,0,0,0-0.032337j
0,0,0,0,0+0.060008j,0,0,0.11135,0,0,0,0,0.0006161+0.0006161j,0,0,0,0,0.038675+0.038675j,-0.035608-0.035608j,0,0,-0.060739,-0.0058813,0,0,0.022616,0,0,0,0.0086151-0.0086151j,-0.026993+0.026993j,0,0,-0.0030672-0.0030672j,0,0,0,-0.016735,0.060739,0,0,0,0,0,0,0.035608-0.035608j,0,0,-0.0087429-0.0087429j,0,0,0.039183-0.039183j,0.98778,0,0,0-0.070957j,-0.032337,0,0,0,0.017315-0.017315j,0,0,0
0,0,0,0,0,0+0.060008j,0,0,0,0,0,0,0,0.0006161+0.0006161j,0,0,0,0,0,-0.035608-0.035608j,0+0.060739j,0,0,0.1666,0,0,0,0,0.0086151+0.0086151j,0,0,-0.026993+0.026993j,-2.6021e-18+3.4694e-18j,0,0,0,0,0,0,0.060739,0,0,0,0,0,0,0,0,0,0.023765+0.023765j,0,0,0,1.0316,-0.070957,0,0,-0.032337,0,0,0,0.089006-0.089006j,0,0
0,0,0,0,0,0,0+0.060008j,0,0,0,0,0,0,0,0.0006161+0.0006161j,0,0,0,0,-0.038675-0.038675j,1.7347e-18,0,0,0.060739,0,0,0,-0.022616,-0.03006-0.03006j,0,0,-0.0086151+0.0086151j,0,0,0,0.0030672+0.0030672j,0+0.060739j,0,0,0.18922,0,0,0,0,0.038675+0.038675j,0,0,-0.035608+0.035608j,0,-0.039183-0.039183j,0.062948+0.062948j,0,0,-0.070957,1.1073,0,0,-0.075631,-0.032337,0,0,-0.039183+0.039183j,0.049823-0.049823j,0
0,0,0,0,0,0,0,0+0.060008j,0,0,0,0,0,0,0,0.0006161+0.0006161j,0,0,0,0,0,1.7347e-18,0-0.060739j,0,0,0,0,0,0,-0.03006-0.03006j,-0.0086151-0.0086151j,0,0,0,2.6021e-18-3.4694e-18j,0,0,0+0.060739j,6.9389e-18,0,0,0,0,0,0,0.038675+0.038675j,0,0,0,0,0,0.095456+0.095456j,0+0.070957j,0,0,1.8167,0,0,0,-0.032337,-0.039183-0.039183j,0,0,0.12151-0.12151j
0,0,0,0,0,0,0,0,0+0.060008j,0,0,0.11135,0.0006161+0.0006161j,0,0,0,0,0,0.0030672+0.0030672j,0,0,0,0,0,0,-0.060739,0.016735,0,0,0,0.035608-0.035608j,0,0,0.035608+0.035608j,-0.038675-0.038675j,0,0,0,-0.022616,0,0,0.0058813,0.060739,0,0,-0.026993+0.026993j,0.0086151-0.0086151j,0,-0.0087429-0.0087429j,0,0,-0.039183+0.039183j,-0.032337,0,0,0,0.98778,0,0,0-0.070957j,-0.017315+0.017315j,0,0,0
0,0,0,0,0,0,0,0,0,0+0.060008j,0,0,0,0.0006161+0.0006161j,0,0,0,0,0,0.0030672+0.0030672j,0,0,0,0,0+0.060739j,0,0,0.18922,0.038675+0.038675j,0,0,0.035608-0.035608j,0,0,0,-0.038675-0.038675j,0,0,0,-0.022616,0,0,0,0.060739,-0.03006-0.03006j,0,0,0.0086151-0.0086151j,0,0.062948+0.062948j,-0.039183-0.039183j,0,0,-0.032337,-0.075631,0,0,1.1073,-0.070957,0,0,-0.049823+0.049823j,0.039183-0.039183j,0
0,0,0,0,0,0,0,0,0,0,0+0.060008j,0,0,0,0.0006161+0.0006161j,0,2.6021e-18-3.4694e-18j,0,0,0,0,0,0,0,-1.2143e-17,0,0,0.060739,0,0,0,0,0,0,0,-0.035608-0.035608j,0,0,0,0,0+0.060739j,0,0,0.1666,0.0086151+0.0086151j,0,0,0.026993-0.026993j,0,0,0.023765+0.023765j,0,0,0,-0.032337,0,0,-0.070957,1.0316,0,0,0,-0.089006+0.089006j,0
0,0,0,0,0,0,0,0,0,0,0,0+0.060008j,0,0,0,0.0006161+0.0006161j,0,2.6021e-18-3.4694e-18j,0,0,0,0,0,0,0,-1.2143e-17,0-0.060739j,0,0,0,-0.038675-0.038675j,0,0,0,0,0,0,0,0,0,0,0+0.060739j,6.9389e-18,0,0,0.0086151+0.0086151j,0.03006+0.03006j,0,0,0,0,0.095456+0.095456j,0,0,0,-0.032337,0+0.070957j,0,0,1.8167,-0.039183-0.039183j,0,0,-0.12151+0.12151j
0,0,0,0,0,0,0,0,0,0,0,0,0+0.060008j,0,0,0.11135,0,0,0,0,0,0,-0.0030672-0.0030672j,0,0,0.038675+0.038675j,-0.035608-0.035608j,0,0,0.060739,-0.063834,0,0,0,0,0,0,-0.035608-0.035608j,0.038675+0.038675j,0,0,-0.0030672-0.0030672j,0,0,0,0.063834,-0.060739,0,0+0.032337j,0,0,0.075631,0.017315+0.017315j,0,0,-0.039183+0.039183j,-0.017315-0.017315j,0,0,-0.039183+0.039183j,1.5519,0,0,0-0.070957j
0,0,0,0,0,0,0,0,0,0,0,0,0,0+0.060008j,0,0,0,0,0,0,0,0,0,-0.0030672-0.0030672j,0,0,0,-0.035608-0.035608j,0-0.060739j,0,0,-0.23631,0,0,0,0,0,0,0,0.038675+0.038675j,-2.6021e-18+3.4694e-18j,0,0,0,1.3878e-17,0,0,-0.060739,0,0+0.032337j,0,0,0,0.089006+0.089006j,-0.039183-0.039183j,0,0,-0.049823-0.049823j,0,0,0,2.028,-0.070957,0
0,0,0,0,0,0,0,0,0,0,0,0,0,0,0+0.060008j,0,0,0,0,0,-2.6021e-18+3.4694e-18j,0,0,0,0,0,0,-0.038675-0.038675j,8.6736e-18,0,0,-0.060739,0,0,0,0,0,0,0,0.035608+0.035608j,0,0,0,0.0030672+0.0030672j,0-0.060739j,0,0,-0.23631,0,0,0+0.032337j,0,0,0,0.049823+0.049823j,0,0,0.039183+0.039183j,-0.089006-0.089006j,0,0,-0.070957,2.028,0
0,0,0,0,0,0,0,0,0,0,0,0,0,0,0,0+0.060008j,0,0,0,0,0,-2.6021e-18+3.4694e-18j,0,0,0,0,0,0,0,8.6736e-18,0+0.060739j,0,0,0,0,0,0,0,0,0,0,0,2.6021e-18-3.4694e-18j,0,0,0-0.060739j,-6.9389e-18,0,0,0,0,0+0.032337j,0,0,0,0.12151+0.12151j,0,0,0,-0.12151-0.12151j,0+0.070957j,0,0,3.1697
