1.00 | -0.0013 | -0.0013
1.20 | -0.0016 | -0.0016
1.40 | -0.0015 | -0.0015
1.60 | -0.0020 | -0.0019
1.80 | -0.0028 | -0.0027
2.00 | -0.0042 | -0.0040
2.20 | -0.0065 | -0.0062
2.40 | -0.0102 | -0.0096
2.60 | -0.0164 | -0.0152
2.80 | -0.0266 | -0.0244
3.00 | -0.0421 | -0.0381
[1.0, 1.2, 1.4, 1.6, 1.8, 2.0, 2.2, 2.4, 2.6, 2.8, 3.0]
oo-energies
[-15.68887766096717, -15.78193350646066, -15.79603756255057, -15.773970198006333, -15.737089171564909, -15.696217865501097, -15.656367763927296, -15.620225485461495, -15.588366559160898, -15.560804304918246, -15.536814437293817]
